1.358900e-03 1.926500e-02 6.204600e-04 3.577800e+00 5.755200e+00 
1.622400e-05 1.855900e-02 2.974300e-03 2.119300e+00 2.458100e+01 
1.904000e-04 1.967500e-02 1.046700e-03 3.437200e+00 1.467300e+01 
3.316400e-03 3.091300e-02 1.555000e-03 3.962600e+00 7.028800e+00 
8.030500e-06 1.158000e-02 4.431500e-04 3.901700e+00 9.490500e+00 
8.171900e-04 1.971300e-02 1.096600e-03 1.235400e+01 2.582300e-01 
1.009600e-02 7.036700e-02 6.671900e-03 2.769400e+00 2.046000e+01 
6.618600e-06 1.020900e-02 9.807400e-04 3.554200e+00 1.195500e+01 
1.008100e-05 1.315500e-02 5.507900e-04 3.910800e+00 1.043000e+01 
1.159700e-03 2.024400e-02 1.026800e-03 7.152500e+00 2.213300e+00 
4.932000e-06 8.737300e-03 3.708100e-04 3.791500e+00 8.087400e+00 
3.086500e-05 2.174200e-02 1.705700e-03 2.728900e+00 1.919400e+01 
2.857700e-03 2.911800e-02 1.584300e-03 3.296000e+00 1.130400e+01 
8.770100e-06 1.234200e-02 8.332200e-04 8.047900e+00 2.054000e+00 
3.112400e-04 1.580700e-02 5.388000e-04 4.090400e+00 7.278800e+00 
3.130000e-03 3.017900e-02 1.144300e-03 5.343300e+00 3.233300e+00 
8.521900e-06 1.224600e-02 1.233800e-03 2.812700e+00 2.290100e+01 
1.301100e-05 1.518100e-02 8.777200e-04 4.459900e+00 6.892300e+00 
1.424300e-03 2.094900e-02 8.455600e-04 3.661100e+00 7.748900e+00 
5.431300e-06 9.257800e-03 4.029600e-04 3.189800e+00 6.787600e+00 
5.824400e-05 1.376000e-02 3.989900e-04 3.998400e+00 7.816700e+00 
4.908800e-03 4.005300e-02 4.382200e-03 8.085700e+00 1.250800e+00 
8.937500e-06 1.245600e-02 6.294800e-04 3.102700e+00 1.036500e+01 
5.510800e-04 1.751700e-02 7.584500e-04 4.534800e+00 4.547900e+00 
3.589300e-03 3.438300e-02 1.119800e-03 4.624300e+00 5.772800e+00 
5.379600e-06 9.124300e-03 5.758000e-04 7.922100e+00 2.007500e+00 
2.682500e-05 2.409800e-02 2.435300e-03 2.447300e+00 2.775700e+01 
2.700300e-03 2.940000e-02 2.062100e-03 3.763000e+00 1.134700e+01 
7.082300e-06 1.095800e-02 5.246700e-04 3.114100e+00 1.147600e+01 
2.001900e-04 1.713700e-02 8.827500e-04 9.315200e+00 1.163500e+00 
2.629300e-03 2.660100e-02 9.346700e-04 3.893100e+00 4.930800e+00 
1.804500e-05 1.934100e-02 2.025300e-03 2.372800e+00 2.152200e+01 
1.085100e-03 2.257500e-02 1.205800e-03 3.890700e+00 1.304200e+01 
5.239100e-03 4.648600e-02 2.229500e-03 6.323800e+00 3.114100e+00 
3.959100e-06 7.318600e-03 3.758100e-04 2.964200e+00 8.920900e+00 
7.902800e-06 1.134000e-02 4.364700e-04 4.243400e+00 6.508100e+00 
1.574400e-03 2.812500e-02 2.185600e-03 2.838400e+00 1.985300e+01 
7.821900e-06 1.157000e-02 1.166800e-03 7.714400e+00 1.646100e+00 
1.181200e-05 1.408700e-02 5.461200e-04 3.772900e+00 8.629800e+00 
1.819200e-03 2.245600e-02 1.026600e-03 5.691100e+00 4.039900e+00 
5.813700e-06 9.649000e-03 3.645400e-04 3.778100e+00 8.242900e+00 
3.411100e-04 2.276100e-02 1.837600e-03 3.821100e+00 1.115900e+01 
3.883200e-03 3.440800e-02 1.769900e-03 3.814400e+00 9.520600e+00 
4.611800e-06 8.163700e-03 4.811800e-04 3.184200e+00 7.933000e+00 
8.368400e-06 1.165700e-02 3.819300e-04 3.148800e+00 8.073100e+00 
1.184500e-03 2.015000e-02 1.011300e-03 9.138600e+00 9.904500e-01 
8.990500e-06 1.280600e-02 1.069400e-03 3.423700e+00 1.864400e+01 
2.354400e-05 1.592900e-02 7.341600e-04 4.261600e+00 8.581800e+00 
2.189200e-03 2.432000e-02 9.546500e-04 3.782600e+00 7.358700e+00 
7.207300e-06 1.089400e-02 5.410600e-04 5.519200e+00 4.208300e+00 
3.114000e-04 1.513800e-02 4.629300e-04 4.138500e+00 6.933600e+00 
9.031600e-03 6.099500e-02 7.050000e-03 3.002100e+00 2.283000e+01 
6.962900e-06 1.079100e-02 8.287700e-04 2.793500e+00 1.776800e+01 
1.389100e-05 1.576000e-02 1.043400e-03 1.037800e+01 1.713700e-01 
1.410600e-03 2.050200e-02 8.297600e-04 4.001700e+00 6.089600e+00 
5.829900e-06 9.642000e-03 4.859200e-04 4.762500e+00 3.961400e+00 
1.624600e-04 2.416200e-02 1.922200e-03 3.308100e+00 2.331700e+01 
3.891200e-03 3.433400e-02 2.646500e-03 4.879800e+00 3.563200e+00 
8.424300e-06 1.198600e-02 5.418800e-04 3.796000e+00 9.928200e+00 
5.564000e-04 1.709000e-02 6.700400e-04 4.518800e+00 5.582600e+00 
3.417900e-03 3.356400e-02 9.928100e-04 3.936200e+00 5.376000e+00 
9.496300e-06 1.267800e-02 2.245700e-03 4.296700e+00 8.116800e+00 
1.133200e-05 1.426000e-02 7.576100e-04 3.798600e+00 1.214900e+01 
9.810800e-04 1.950400e-02 9.011700e-04 4.317000e+00 5.416400e+00 
4.882700e-06 8.683300e-03 3.805500e-04 3.561300e+00 9.164600e+00 
1.189400e-05 1.399900e-02 6.040300e-04 6.873700e+00 3.060700e+00 
3.455000e-03 3.372300e-02 2.620000e-03 3.727600e+00 1.618900e+01 
8.131600e-06 1.187700e-02 6.782400e-04 3.082200e+00 1.041900e+01 
2.428700e-04 1.609200e-02 5.532500e-04 3.954100e+00 9.163000e+00 
3.616300e-03 3.273100e-02 1.763500e-03 1.145900e+01 1.003000e-01 
3.980700e-06 7.489900e-03 3.482700e-04 3.545600e+00 6.823500e+00 
1.531200e-05 1.701700e-02 1.231800e-03 3.714700e+00 1.242800e+01 
1.434200e-03 2.215700e-02 1.026300e-03 3.958400e+00 9.861400e+00 
6.263100e-06 1.008800e-02 6.269500e-04 5.519000e+00 2.740700e+00 
3.047000e-05 1.379000e-02 4.377500e-04 4.059100e+00 7.541000e+00 
2.147900e-03 2.366900e-02 9.405300e-04 5.685800e+00 4.279900e+00 
1.676900e-05 1.886300e-02 2.051400e-03 2.349100e+00 2.832900e+01 
6.430700e-04 2.193500e-02 1.600500e-03 5.092100e+00 3.869800e+00 
4.266700e-03 3.763900e-02 1.696700e-03 4.936500e+00 7.796100e+00 
4.820900e-06 8.512300e-03 4.663900e-04 3.624500e+00 6.049500e+00 
9.271100e-06 1.220400e-02 3.764100e-04 3.300800e+00 7.560800e+00 
3.392100e-03 3.533700e-02 3.966600e-03 3.103600e+00 1.531200e+01 
8.250500e-06 1.210200e-02 7.514300e-04 3.083900e+00 1.449200e+01 
1.170100e-04 1.582500e-02 6.164200e-04 3.786300e+00 8.094800e+00 
2.556300e-03 2.619300e-02 9.317500e-04 3.657800e+00 6.591900e+00 
9.536400e-06 1.281700e-02 7.893100e-04 1.173900e+01 1.672100e-01 
1.190800e-03 2.629500e-02 2.007600e-03 2.870500e+00 1.763600e+01 
5.657300e-03 4.731500e-02 2.689600e-03 4.590400e+00 6.071600e+00 
4.576900e-06 8.118900e-03 4.541700e-04 3.285800e+00 1.081900e+01 
1.003100e-05 1.303500e-02 6.820500e-04 7.500900e+00 2.428400e+00 
8.689800e-04 1.728600e-02 5.672400e-04 3.536900e+00 5.794500e+00 
9.235400e-06 1.298100e-02 1.241500e-03 2.927600e+00 1.769000e+01 
1.518600e-05 1.567300e-02 6.436700e-04 3.558700e+00 1.157000e+01 
2.512400e-03 2.673300e-02 1.662000e-03 1.062500e+01 7.597500e-01 
6.160700e-06 9.939500e-03 3.819100e-04 2.982200e+00 7.157200e+00 
2.658600e-04 1.508900e-02 5.268600e-04 4.331200e+00 4.240100e+00 
5.429500e-03 4.334600e-02 2.799500e-03 3.227800e+00 1.360500e+01 
5.849300e-06 9.532300e-03 7.506500e-04 4.466500e+00 5.852800e+00 
9.614700e-06 1.260500e-02 4.516400e-04 3.290800e+00 8.368100e+00 
1.246600e-03 1.948500e-02 7.612900e-04 4.726900e+00 5.370300e+00 
4.921300e-06 8.740400e-03 3.219900e-04 3.364800e+00 8.128500e+00 
1.268500e-04 2.600600e-02 3.275100e-03 3.571500e+00 9.634400e+00 
3.645300e-03 3.326700e-02 2.121000e-03 3.569900e+00 1.143200e+01 
8.537500e-06 1.207600e-02 6.457800e-04 3.922200e+00 6.902900e+00 
4.582700e-04 1.631700e-02 5.380800e-04 3.272800e+00 7.600500e+00 
3.854200e-03 3.549700e-02 1.537500e-03 8.219200e+00 1.260000e+00 
1.000500e-05 1.365400e-02 1.534400e-03 2.016200e+00 2.514000e+01 
1.429100e-05 1.599000e-02 8.366300e-04 3.376400e+00 1.095900e+01 
1.811200e-03 2.300300e-02 9.766200e-04 4.126600e+00 8.680900e+00 
7.275300e-06 1.104500e-02 6.992600e-04 8.277700e+00 1.735200e+00 
1.277900e-04 1.407900e-02 4.214200e-04 3.388100e+00 6.458900e+00 
5.656500e-03 4.388300e-02 3.987800e-03 3.619300e+00 1.463200e+01 
1.020300e-05 1.347400e-02 6.684200e-04 3.340300e+00 1.270700e+01 
7.910900e-04 1.883500e-02 8.938700e-04 4.890800e+00 4.167500e+00 
4.011000e-03 3.872300e-02 1.221700e-03 4.599600e+00 5.741800e+00 
3.807200e-06 7.134500e-03 3.656000e-04 3.886800e+00 6.649700e+00 
1.408700e-05 1.650800e-02 1.113200e-03 3.577800e+00 1.843400e+01 
1.202000e-03 2.294100e-02 1.624000e-03 1.004300e+01 2.217800e-01 
5.324700e-06 9.135600e-03 4.800400e-04 3.841600e+00 8.908900e+00 
1.111600e-05 1.346300e-02 5.363000e-04 4.794800e+00 4.124700e+00 
1.646000e-03 2.100500e-02 7.406500e-04 4.836700e+00 6.171400e+00 
1.066500e-05 1.408300e-02 1.320500e-03 4.270600e+00 7.565800e+00 
2.329700e-04 1.704800e-02 6.851900e-04 3.659700e+00 9.834400e+00 
3.123100e-03 2.976200e-02 1.276800e-03 4.476100e+00 4.625400e+00 
4.031900e-06 7.556200e-03 3.429300e-04 3.447700e+00 8.942800e+00 
1.096300e-05 1.370300e-02 7.681400e-04 1.149500e+01 8.709700e-01 
2.954000e-03 3.644200e-02 4.294100e-03 2.439800e+00 2.630000e+01 
8.574400e-06 1.236700e-02 1.059000e-03 3.428500e+00 1.357400e+01 
2.621000e-05 1.543500e-02 5.938500e-04 3.784800e+00 1.058300e+01 
2.383600e-03 2.543400e-02 1.291200e-03 6.074000e+00 2.370600e+00 
6.341100e-06 1.009600e-02 3.689400e-04 3.197200e+00 7.606000e+00 
8.275600e-04 2.766900e-02 2.552000e-03 2.834400e+00 2.227400e+01 
5.274400e-03 4.304500e-02 2.438300e-03 4.203400e+00 1.221400e+01 
6.585300e-06 1.029900e-02 9.430800e-04 1.069300e+01 6.559000e-01 
9.754600e-06 1.261700e-02 4.488700e-04 3.338600e+00 7.191400e+00 
1.378300e-03 1.994700e-02 8.267300e-04 4.865300e+00 3.215800e+00 
1.183000e-05 1.527500e-02 1.495900e-03 2.834700e+00 2.411700e+01 
1.200000e-04 1.829800e-02 1.083400e-03 4.924600e+00 5.804000e+00 
2.923200e-03 2.860500e-02 1.274400e-03 4.647900e+00 7.731500e+00 
7.506100e-06 1.108600e-02 4.604600e-04 3.725800e+00 6.445100e+00 
5.037100e-04 1.572900e-02 4.701300e-04 3.339000e+00 6.782300e+00 
8.109300e-03 5.912700e-02 5.849100e-03 4.934000e+00 6.392700e+00 
5.521000e-06 9.086800e-03 6.646400e-04 3.139500e+00 1.348900e+01 
9.369700e-06 1.255600e-02 5.717000e-04 4.148900e+00 6.807600e+00 
8.892400e-04 1.810700e-02 6.332000e-04 4.342700e+00 7.455700e+00 
5.058100e-06 8.811100e-03 4.640300e-04 4.885200e+00 3.143100e+00 
1.851900e-05 1.876400e-02 1.101000e-03 3.035600e+00 1.650000e+01 
2.421400e-03 2.650500e-02 1.408000e-03 4.177600e+00 8.395800e+00 
6.465300e-06 1.030000e-02 4.085000e-04 2.852600e+00 9.467300e+00 
3.060600e-04 1.777600e-02 9.508600e-04 1.212000e+01 2.163200e-01 
2.840900e-03 2.814200e-02 9.772800e-04 4.777600e+00 4.463700e+00 
1.168500e-05 1.481300e-02 2.613000e-03 1.980000e+00 2.804100e+01 
1.417200e-05 1.625500e-02 9.251100e-04 3.518300e+00 1.518200e+01 
1.567500e-03 2.304000e-02 1.401600e-03 6.702000e+00 3.067700e+00 
5.379400e-06 9.230400e-03 4.014300e-04 2.840500e+00 8.480200e+00 
3.579300e-05 1.381000e-02 4.723300e-04 4.199000e+00 5.682800e+00 
5.294200e-03 4.283200e-02 4.233200e-03 2.615100e+00 2.142700e+01 
1.114400e-05 1.431600e-02 1.196900e-03 5.517900e+00 3.561500e+00 
4.872800e-04 1.790300e-02 7.304100e-04 4.343600e+00 8.946600e+00 
3.758900e-03 3.467400e-02 1.442100e-03 5.793900e+00 3.952600e+00 
4.277000e-06 7.952800e-03 3.322000e-04 3.246600e+00 8.373500e+00 
2.059400e-05 2.028000e-02 1.830400e-03 2.828900e+00 1.468900e+01 
2.105200e-03 2.575600e-02 1.394100e-03 3.581100e+00 1.098400e+01 
6.429400e-06 1.028000e-02 5.046700e-04 3.067800e+00 8.298000e+00 
1.099000e-04 1.434500e-02 4.285200e-04 3.267100e+00 7.976300e+00 
3.117800e-03 2.955500e-02 1.609700e-03 1.247200e+01 2.114400e-01 
1.414500e-05 1.664700e-02 1.295600e-03 3.556300e+00 1.870000e+01 
8.407100e-04 2.043300e-02 1.089500e-03 3.864700e+00 7.484700e+00 
4.273100e-03 3.981800e-02 1.390800e-03 3.690800e+00 6.803700e+00 
4.643700e-06 8.133300e-03 5.452400e-04 6.006100e+00 2.718100e+00 
7.906400e-06 1.125600e-02 3.683000e-04 3.383600e+00 7.012200e+00 
1.709400e-03 2.644700e-02 1.883900e-03 3.852100e+00 1.364400e+01 
6.332400e-06 1.025900e-02 5.650600e-04 3.308000e+00 1.288200e+01 
1.666800e-05 1.536700e-02 7.653600e-04 7.395000e+00 2.051000e+00 
1.933500e-03 2.257400e-02 8.414200e-04 4.224000e+00 5.789900e+00 
6.241700e-06 9.979500e-03 4.114200e-04 3.967000e+00 5.163900e+00 
7.305100e-04 2.829200e-02 2.632700e-03 2.439900e+00 2.618500e+01 
5.331000e-03 4.268600e-02 3.129500e-03 4.321500e+00 7.869400e+00 
5.344000e-06 9.088800e-03 5.370900e-04 3.648300e+00 1.211800e+01 
9.566600e-06 1.251500e-02 4.613400e-04 3.255700e+00 6.976500e+00 
1.238200e-03 1.927900e-02 6.598600e-04 4.282500e+00 7.005000e+00 
1.453300e-05 1.726800e-02 3.020400e-03 5.201800e+00 2.778300e+00 
8.023000e-05 1.781500e-02 8.809700e-04 3.424700e+00 1.188100e+01 
2.877300e-03 2.830200e-02 1.530500e-03 5.223100e+00 4.076800e+00 
7.302300e-06 1.097700e-02 4.266500e-04 3.797100e+00 8.750500e+00 
5.459200e-04 1.766900e-02 8.282700e-04 8.112700e+00 1.304100e+00 
7.815600e-03 5.712400e-02 4.615000e-03 3.374100e+00 1.707900e+01 
6.674500e-06 1.050300e-02 7.791200e-04 3.447900e+00 1.142000e+01 
1.115900e-05 1.366200e-02 4.861800e-04 3.212000e+00 9.349500e+00 
1.990400e-03 2.407500e-02 1.398100e-03 1.106300e+01 3.491800e-01 
5.625900e-06 9.437800e-03 3.716800e-04 3.549900e+00 6.982100e+00 
2.738400e-04 2.183100e-02 1.539000e-03 3.470800e+00 1.409600e+01 
3.738200e-03 3.354800e-02 1.692700e-03 4.145200e+00 9.882100e+00 
9.068700e-06 1.236800e-02 6.410000e-04 4.813200e+00 3.449000e+00 
6.976100e-04 1.712200e-02 5.843400e-04 3.842000e+00 6.836500e+00 
3.955200e-03 3.855000e-02 1.257700e-03 5.976100e+00 3.881000e+00 
6.871700e-06 1.042300e-02 9.724600e-04 2.779700e+00 2.017100e+01 
1.212300e-05 1.479300e-02 1.079600e-03 1.010500e+01 5.749400e-01 
8.893000e-04 1.864800e-02 7.432100e-04 4.344500e+00 7.053700e+00 
5.077800e-06 8.832500e-03 4.736200e-04 4.693300e+00 4.582800e+00 
9.938200e-06 1.258500e-02 3.745800e-04 3.652100e+00 7.223800e+00 
4.719400e-03 4.138900e-02 5.777500e-03 2.997500e+00 1.585300e+01 
9.612600e-06 1.327200e-02 8.815800e-04 3.675900e+00 1.557500e+01 
2.455700e-04 1.683000e-02 7.057700e-04 3.741100e+00 7.698000e+00 
2.977100e-03 2.900600e-02 1.037200e-03 3.635100e+00 6.547000e+00 
5.261500e-06 8.845500e-03 6.757800e-04 1.046000e+01 1.040600e+00 
1.929800e-05 1.990100e-02 1.727300e-03 2.892700e+00 2.233200e+01 
1.627400e-03 2.425300e-02 1.493800e-03 3.764000e+00 9.098100e+00 
6.032400e-06 9.945000e-03 4.925700e-04 3.589400e+00 1.119700e+01 
2.836700e-05 1.451000e-02 5.965100e-04 5.039400e+00 3.548000e+00 
2.083300e-03 2.334900e-02 8.498700e-04 4.938300e+00 6.059800e+00 
1.338300e-05 1.625700e-02 1.446700e-03 3.192700e+00 1.974400e+01 
5.016700e-04 1.939700e-02 8.766000e-04 4.129600e+00 1.219900e+01 
4.540300e-03 3.881000e-02 2.318100e-03 1.183400e+01 8.396600e-02 
4.561200e-06 8.236200e-03 4.050800e-04 3.611800e+00 7.653900e+00 
1.021700e-05 1.292300e-02 5.281800e-04 5.504400e+00 4.168500e+00 
2.638000e-03 3.039300e-02 2.226800e-03 3.640700e+00 1.617000e+01 
7.863600e-06 1.163700e-02 8.522900e-04 4.462300e+00 3.834400e+00 
9.554300e-05 1.483200e-02 4.998400e-04 3.163300e+00 7.981000e+00 
2.564000e-03 2.613700e-02 1.073200e-03 5.006100e+00 4.224000e+00 
6.998800e-06 1.063900e-02 3.650500e-04 3.849100e+00 8.041300e+00 
1.035800e-03 2.437400e-02 2.051400e-03 5.433400e+00 3.751000e+00 
4.997500e-03 4.348800e-02 1.965900e-03 4.957900e+00 8.135200e+00 
4.520200e-06 7.988300e-03 5.027700e-04 4.031700e+00 6.221100e+00 
7.888900e-06 1.128800e-02 3.719900e-04 3.155100e+00 7.707100e+00 
9.479800e-04 1.845600e-02 8.013900e-04 6.443000e+00 2.187900e+00 
1.205500e-05 1.546200e-02 1.946400e-03 2.411500e+00 2.907100e+01 
1.653900e-05 1.722000e-02 9.167800e-04 3.102300e+00 1.213500e+01 
2.277900e-03 2.541800e-02 1.139900e-03 4.336200e+00 9.095500e+00 
8.530200e-06 1.214700e-02 8.383500e-04 1.127000e+01 5.147200e-01 
2.413800e-04 1.475700e-02 4.617100e-04 3.412400e+00 6.052000e+00 
7.139900e-03 5.155800e-02 5.316700e-03 3.342800e+00 1.557600e+01 
6.179400e-06 9.942600e-03 7.101900e-04 2.876700e+00 1.536400e+01 
1.140900e-05 1.399000e-02 7.462100e-04 5.786700e+00 3.763700e+00 
1.233500e-03 1.960900e-02 7.368800e-04 4.214500e+00 6.847500e+00 
5.233800e-06 9.039000e-03 4.011700e-04 3.864300e+00 6.065200e+00 
7.960500e-05 2.120900e-02 1.363100e-03 3.120200e+00 1.934900e+01 
3.446200e-03 3.195400e-02 2.358100e-03 7.101400e+00 2.363900e+00 
7.480000e-06 1.115800e-02 4.712300e-04 2.985800e+00 8.735100e+00 
4.508500e-04 1.650100e-02 6.335300e-04 4.714700e+00 5.243800e+00 
3.179900e-03 3.136500e-02 9.378900e-04 3.948200e+00 5.244000e+00 
8.659400e-06 1.234900e-02 1.364700e-03 3.461300e+00 1.397900e+01 
1.256500e-05 1.478600e-02 6.308500e-04 3.270100e+00 1.098900e+01 
1.655400e-03 2.178400e-02 9.285400e-04 3.873200e+00 6.182400e+00 
5.755200e-06 9.622200e-03 3.752100e-04 3.715900e+00 9.075900e+00 
1.582500e-04 1.696200e-02 8.887800e-04 1.306800e+01 1.032400e-01 
4.527400e-03 3.795900e-02 2.625000e-03 3.409800e+00 1.217800e+01 
9.516900e-06 1.280600e-02 7.029900e-04 3.784200e+00 6.294200e+00 
6.685100e-04 1.732600e-02 6.052100e-04 3.277000e+00 7.525300e+00 
4.458500e-03 4.094000e-02 1.770800e-03 9.684500e+00 7.285900e-01 
3.880300e-06 7.334400e-03 3.398400e-04 3.848100e+00 7.556900e+00 
2.278600e-05 2.222800e-02 2.599600e-03 1.974900e+00 2.651400e+01 
1.643600e-03 2.550900e-02 1.550600e-03 4.005300e+00 1.440000e+01 
7.408200e-06 1.120900e-02 9.404900e-04 8.821900e+00 1.435000e+00 
1.590200e-05 1.370800e-02 4.604200e-04 3.213100e+00 7.380100e+00 
2.033400e-03 2.314000e-02 9.833700e-04 5.240600e+00 3.504000e+00 
1.515000e-05 1.772800e-02 1.823600e-03 2.371900e+00 2.632000e+01 
4.793100e-04 2.058400e-02 1.307300e-03 4.405400e+00 7.220200e+00 
3.832500e-03 3.463100e-02 1.473900e-03 3.723700e+00 7.615900e+00 
4.581100e-06 8.223000e-03 4.324500e-04 3.498900e+00 7.252900e+00 
8.928200e-06 1.199600e-02 3.745400e-04 3.514300e+00 7.845900e+00 
3.113700e-03 3.457200e-02 4.484500e-03 5.434500e+00 4.480500e+00 
7.720600e-06 1.159300e-02 7.351600e-04 2.965300e+00 1.293500e+01 
7.415800e-05 1.556100e-02 6.613000e-04 4.299600e+00 5.782500e+00 
2.457900e-03 2.563400e-02 9.679000e-04 4.539500e+00 6.631600e+00 
7.957600e-06 1.148800e-02 5.834100e-04 6.622300e+00 2.324800e+00 
9.497800e-04 2.491300e-02 1.729300e-03 3.239100e+00 1.754600e+01 
5.100100e-03 4.323600e-02 2.252400e-03 4.103400e+00 7.702100e+00 
5.092600e-06 8.906200e-03 4.284300e-04 3.112900e+00 1.052500e+01 
1.255700e-05 1.457900e-02 7.366900e-04 8.637000e+00 1.335100e+00 
1.562900e-03 2.055000e-02 7.387500e-04 4.438200e+00 5.522100e+00 
1.048400e-05 1.400700e-02 1.173000e-03 2.791800e+00 1.503100e+01 
2.053300e-04 1.729200e-02 6.990900e-04 3.906400e+00 1.110000e+01 
3.223400e-03 3.026500e-02 1.502200e-03 5.912500e+00 2.815100e+00 
7.403400e-06 1.092500e-02 3.724900e-04 2.969000e+00 7.444000e+00 
7.110900e-04 1.697700e-02 6.010900e-04 4.657100e+00 5.447900e+00 
1.149400e-02 7.874800e-02 7.755700e-03 2.523400e+00 2.417900e+01 
7.570100e-06 1.090300e-02 1.517200e-03 7.226400e+00 1.042800e+00 
9.513900e-06 1.278200e-02 5.884400e-04 3.359900e+00 9.451900e+00 
8.636000e-04 1.875800e-02 8.467900e-04 5.432700e+00 4.364100e+00 
4.410200e-06 8.130900e-03 3.311200e-04 2.903000e+00 7.981300e+00 
2.436200e-05 2.240100e-02 2.374900e-03 2.577500e+00 1.463700e+01 
2.538200e-03 2.798200e-02 1.649600e-03 3.338800e+00 1.149300e+01 
7.249200e-06 1.104900e-02 5.878600e-04 3.937600e+00 8.458500e+00 
1.787800e-04 1.483000e-02 4.535500e-04 3.111300e+00 7.873200e+00 
3.448600e-03 3.161900e-02 1.717800e-03 1.294200e+01 4.575100e-01 
8.757800e-06 1.230300e-02 1.454900e-03 2.272400e+00 2.405100e+01 
1.214600e-05 1.471800e-02 8.348700e-04 3.615800e+00 9.570800e+00 
1.157400e-03 1.992000e-02 7.849300e-04 3.406000e+00 8.308100e+00 
5.684800e-06 9.492900e-03 5.381000e-04 5.097600e+00 3.451000e+00 
1.805400e-05 1.300800e-02 3.804500e-04 3.323800e+00 6.931700e+00 
4.016100e-03 3.605000e-02 2.992200e-03 3.401000e+00 1.485400e+01 
8.749000e-06 1.243300e-02 6.428800e-04 3.838400e+00 1.314500e+01 
4.546400e-04 1.898800e-02 1.096000e-03 1.102700e+01 6.581200e-01 
3.372000e-03 3.192800e-02 1.189100e-03 5.381000e+00 5.420300e+00 
4.384500e-06 7.989500e-03 4.141500e-04 4.276900e+00 4.279500e+00 
1.595600e-05 1.740400e-02 1.045400e-03 3.236400e+00 1.648900e+01 
1.832400e-03 2.413600e-02 1.488800e-03 5.538200e+00 3.887500e+00 
6.003900e-06 9.885300e-03 4.487600e-04 3.665300e+00 9.426100e+00 
7.544500e-05 1.425800e-02 4.840100e-04 4.097200e+00 5.969400e+00 
2.304100e-03 2.454000e-02 8.257300e-04 4.723300e+00 6.033400e+00 
1.920000e-05 2.024800e-02 2.938100e-03 2.423500e+00 1.688100e+01 
8.383400e-04 2.221700e-02 1.262600e-03 4.084000e+00 1.347800e+01 
4.729600e-03 4.141800e-02 1.968700e-03 5.270300e+00 5.954900e+00 
4.072700e-06 7.511900e-03 3.757600e-04 2.958800e+00 9.643800e+00 
8.779400e-06 1.202900e-02 5.412900e-04 5.494600e+00 3.936800e+00 
1.963600e-03 3.070300e-02 2.759900e-03 3.222800e+00 2.179200e+01 
7.224500e-06 1.110200e-02 8.025000e-04 3.014200e+00 1.376300e+01 
1.210600e-05 1.427600e-02 5.094400e-04 3.262500e+00 9.902900e+00 
2.266700e-03 2.533300e-02 1.495500e-03 1.104300e+01 4.929200e-02 
5.931600e-06 9.713800e-03 3.812900e-04 3.374500e+00 6.477800e+00 
4.611300e-04 2.394400e-02 1.968500e-03 3.183200e+00 1.479600e+01 
4.292600e-03 3.692300e-02 1.953300e-03 3.896900e+00 1.034300e+01 
5.620600e-06 9.246800e-03 7.430000e-04 7.266600e+00 2.526400e+00 
9.055500e-06 1.217100e-02 4.314100e-04 3.656400e+00 7.657800e+00 
1.153100e-03 1.906000e-02 7.606400e-04 5.392200e+00 4.617900e+00 
9.526900e-06 1.331500e-02 1.106600e-03 2.593000e+00 2.032500e+01 
4.743700e-05 1.761800e-02 1.092600e-03 7.800600e+00 1.518500e+00 
2.445900e-03 2.578700e-02 1.121800e-03 4.532300e+00 6.781900e+00 
7.160700e-06 1.082300e-02 4.919300e-04 4.497200e+00 5.245300e+00 
3.576200e-04 1.495600e-02 4.319500e-04 3.161300e+00 6.506900e+00 
6.320900e-03 4.858400e-02 3.956400e-03 4.421800e+00 7.582200e+00 
5.690000e-06 9.505000e-03 5.673800e-04 3.174000e+00 1.220800e+01 
1.073700e-05 1.335000e-02 5.276100e-04 4.229000e+00 7.256500e+00 
1.429400e-03 2.013500e-02 7.043900e-04 4.204800e+00 6.861700e+00 
7.428300e-06 1.119800e-02 7.749300e-04 1.309500e+01 2.930100e-01 
2.563100e-04 2.587200e-02 2.343500e-03 2.538500e+00 2.456200e+01 
4.201600e-03 3.606200e-02 2.593700e-03 3.787300e+00 8.455200e+00 
8.928800e-06 1.240500e-02 5.552400e-04 3.908400e+00 1.085300e+01 
6.997200e-04 1.834200e-02 8.766200e-04 6.331400e+00 2.152600e+00 
3.740900e-03 3.628400e-02 1.143500e-03 4.934900e+00 5.192400e+00 
9.187000e-06 1.258300e-02 1.717200e-03 1.940000e+00 2.416200e+01 
1.184100e-05 1.463400e-02 7.431300e-04 3.107700e+00 1.352700e+01 
1.270600e-03 2.187700e-02 1.330400e-03 8.804900e+00 1.448700e+00 
5.035700e-06 8.845200e-03 3.964500e-04 3.157300e+00 8.093500e+00 
1.250400e-05 1.345900e-02 4.833400e-04 4.610800e+00 5.122100e+00 
4.018000e-03 3.662900e-02 3.073900e-03 3.995600e+00 1.821300e+01 
8.922000e-06 1.251800e-02 8.384400e-04 3.449200e+00 6.974400e+00 
3.038500e-04 1.633100e-02 5.796600e-04 3.409500e+00 8.536500e+00 
3.246700e-03 3.085000e-02 1.201500e-03 5.179000e+00 4.952900e+00 
3.848500e-06 7.397000e-03 2.958500e-04 2.756300e+00 8.060500e+00 
1.858100e-05 1.911600e-02 1.908200e-03 6.384700e+00 1.648900e+00 
1.622900e-03 2.308700e-02 1.167800e-03 3.432100e+00 8.922100e+00 
6.195600e-06 1.003100e-02 5.629800e-04 4.281700e+00 5.412500e+00 
4.794300e-05 1.353200e-02 3.963100e-04 3.004500e+00 7.247600e+00 
2.620100e-03 2.661600e-02 1.367100e-03 1.043700e+01 1.216700e+00 
1.151800e-05 1.471100e-02 9.866600e-04 3.147500e+00 1.620600e+01 
5.760300e-04 1.868900e-02 8.631000e-04 3.889400e+00 7.892000e+00 
3.771600e-03 3.530100e-02 1.232200e-03 3.943100e+00 6.701400e+00 
5.871100e-06 9.625500e-03 7.018500e-04 1.037400e+01 8.821900e-01 
9.368700e-06 1.218900e-02 3.787700e-04 3.435900e+00 6.312200e+00 
3.973000e-03 3.823900e-02 4.447700e-03 2.800300e+00 1.998600e+01 
8.808900e-06 1.260500e-02 7.985100e-04 3.011800e+00 1.551000e+01 
1.740500e-04 1.679700e-02 8.019800e-04 4.942700e+00 4.569100e+00 
2.847600e-03 2.804300e-02 1.078800e-03 4.440700e+00 6.456900e+00 
7.733500e-06 1.122600e-02 4.390900e-04 4.248600e+00 6.523500e+00 
1.468500e-03 2.824200e-02 2.257700e-03 2.658000e+00 2.076600e+01 
6.722100e-03 5.412100e-02 3.816400e-03 8.775200e+00 7.797600e-01 
4.549900e-06 7.992000e-03 4.911500e-04 3.028200e+00 9.848300e+00 
8.441900e-06 1.177600e-02 5.094500e-04 4.118800e+00 4.910000e+00 
7.392100e-04 1.676300e-02 5.288500e-04 3.454800e+00 6.411600e+00 
9.882500e-06 1.347400e-02 1.671400e-03 3.130300e+00 1.361400e+01 
1.377100e-05 1.554200e-02 6.832900e-04 2.944400e+00 1.130300e+01 
1.946400e-03 2.331300e-02 1.058500e-03 3.950400e+00 5.920600e+00 
5.994600e-06 9.834300e-03 3.743000e-04 3.339900e+00 8.776300e+00 
2.325000e-04 1.664800e-02 7.931600e-04 9.837000e+00 1.474400e+00 
5.378200e-03 4.266300e-02 3.118800e-03 3.425800e+00 1.424000e+01 
5.550900e-06 9.185700e-03 6.752300e-04 3.212200e+00 9.768500e+00 
9.342900e-06 1.248100e-02 4.566400e-04 3.440500e+00 9.126300e+00 
1.166900e-03 1.964400e-02 8.921900e-04 6.116100e+00 3.122700e+00 
4.689000e-06 8.469900e-03 3.230900e-04 3.072200e+00 7.464500e+00 
3.648500e-05 1.841400e-02 1.023600e-03 2.856400e+00 1.361500e+01 
2.641000e-03 2.736400e-02 1.280900e-03 4.366200e+00 9.522800e+00 
9.013500e-06 1.251700e-02 8.538200e-04 1.091800e+01 1.498300e-01 
3.391800e-04 1.530100e-02 4.975400e-04 3.437500e+00 5.833300e+00 
3.407000e-03 3.213500e-02 1.309500e-03 7.551300e+00 2.358200e+00 
1.192300e-05 1.522600e-02 2.267900e-03 1.731400e+00 3.318400e+01 
1.603700e-05 1.728400e-02 1.284100e-03 4.098400e+00 6.388200e+00 
1.722700e-03 2.310200e-02 1.089400e-03 4.157000e+00 8.864400e+00 
6.030000e-06 9.866300e-03 4.834500e-04 3.820700e+00 6.797900e+00 
8.019500e-05 1.387900e-02 4.038100e-04 3.448600e+00 7.558400e+00 
6.603200e-03 4.851800e-02 7.039400e-03 3.887300e+00 8.974700e+00 
1.087800e-05 1.409800e-02 8.436600e-04 3.444000e+00 1.369500e+01 
6.784500e-04 1.883400e-02 8.860000e-04 4.737900e+00 6.456100e+00 
3.874900e-03 3.671100e-02 1.219900e-03 4.239400e+00 6.248200e+00 
4.457900e-06 7.888400e-03 5.193000e-04 6.402800e+00 2.901100e+00 
1.716700e-05 1.864800e-02 1.547100e-03 3.341700e+00 2.173200e+01 
1.257200e-03 2.250000e-02 1.241000e-03 3.620100e+00 9.960900e+00 
5.431800e-06 9.301900e-03 4.456100e-04 2.911200e+00 1.082300e+01 
1.426300e-05 1.568100e-02 8.623600e-04 1.149300e+01 4.294600e-01 
1.783000e-03 2.167000e-02 8.043000e-04 4.543000e+00 5.205400e+00 
1.224400e-05 1.540200e-02 1.464000e-03 3.395200e+00 1.621200e+01 
3.204100e-04 1.824100e-02 7.850700e-04 3.629300e+00 1.142800e+01 
3.749500e-03 3.361900e-02 1.813200e-03 7.671200e+00 2.078300e+00 
4.099700e-06 7.657100e-03 3.513700e-04 2.852500e+00 8.002900e+00 
9.036200e-06 1.210000e-02 4.493400e-04 4.551400e+00 5.927000e+00 
2.092000e-03 2.794600e-02 1.889200e-03 3.949600e+00 1.580000e+01 
7.674900e-06 1.147200e-02 9.152600e-04 6.524800e+00 2.742500e+00 
3.944200e-05 1.428100e-02 4.804700e-04 3.152000e+00 7.774200e+00 
2.266100e-03 2.439700e-02 1.021600e-03 5.009700e+00 3.896300e+00 
6.087100e-06 9.811000e-03 3.198800e-04 2.814000e+00 7.223000e+00 
1.095900e-03 3.000100e-02 3.473300e-03 2.366800e+00 2.084300e+01 
5.742300e-03 4.606600e-02 2.737200e-03 3.454000e+00 1.227800e+01 
5.571700e-06 9.361800e-03 5.656100e-04 3.172100e+00 1.005400e+01 
1.044600e-05 1.315700e-02 4.500600e-04 3.955200e+00 9.079900e+00 
1.842400e-03 2.335900e-02 1.332600e-03 1.183700e+01 1.080600e-01 
1.307800e-05 1.623600e-02 1.768200e-03 2.073100e+00 2.464900e+01 
1.706700e-04 1.858400e-02 1.036100e-03 3.577600e+00 8.964700e+00 
3.162500e-03 3.005300e-02 1.345700e-03 4.779000e+00 8.310900e+00 
8.960700e-06 1.230900e-02 6.673700e-04 6.884400e+00 2.620500e+00 
6.128400e-04 1.658400e-02 5.515100e-04 4.115600e+00 6.533200e+00 
8.590200e-03 6.300400e-02 5.220100e-03 3.066700e+00 1.540200e+01 
5.854100e-06 9.514600e-03 6.871500e-04 3.396700e+00 1.556900e+01 
1.139500e-05 1.410900e-02 8.636200e-04 8.644300e+00 1.644500e+00 
9.852600e-04 1.839100e-02 6.743600e-04 3.891900e+00 6.385800e+00 
5.072500e-06 8.848800e-03 4.307000e-04 4.478300e+00 5.218100e+00 
2.541000e-05 1.981500e-02 1.222600e-03 3.024900e+00 1.808600e+01 
2.786900e-03 2.848500e-02 1.843100e-03 5.163100e+00 5.054200e+00 
7.030900e-06 1.081500e-02 4.602300e-04 3.302200e+00 9.379400e+00 
3.027200e-04 1.567900e-02 5.507200e-04 4.295800e+00 6.252400e+00 
2.871000e-03 2.864600e-02 8.749400e-04 3.936800e+00 5.474200e+00 
8.583700e-06 1.215700e-02 1.604500e-03 5.372300e+00 3.726900e+00 
1.143200e-05 1.404000e-02 6.184000e-04 3.088700e+00 9.831400e+00 
1.401000e-03 2.069300e-02 9.379500e-04 4.280400e+00 4.357000e+00 
5.336400e-06 9.188700e-03 3.691100e-04 3.554300e+00 8.599200e+00 
6.233200e-05 1.464100e-02 5.889400e-04 6.269900e+00 2.438100e+00 
6.341200e-03 4.781100e-02 5.489100e-03 2.939800e+00 2.392600e+01 
1.095200e-05 1.418400e-02 9.332900e-04 3.087000e+00 1.321600e+01 
5.722900e-04 1.822200e-02 7.146600e-04 3.678000e+00 9.855900e+00 
4.371100e-03 3.878100e-02 1.931600e-03 9.622300e+00 8.748900e-01 
4.344200e-06 8.032400e-03 3.390400e-04 2.871000e+00 7.252800e+00 
2.255000e-05 2.145700e-02 1.885800e-03 2.469300e+00 2.006300e+01 
2.415400e-03 2.749700e-02 1.563400e-03 3.896800e+00 1.215500e+01 
7.069500e-06 1.085900e-02 6.179800e-04 3.682800e+00 5.302400e+00 
1.569000e-04 1.500500e-02 4.859700e-04 3.936000e+00 8.002600e+00 
2.586300e-03 2.628100e-02 9.396400e-04 4.131800e+00 4.315900e+00 
1.533000e-05 1.750300e-02 1.367500e-03 3.114900e+00 2.127200e+01 
1.152400e-03 2.341000e-02 1.777400e-03 1.021500e+01 2.011200e-01 
4.695800e-03 4.329400e-02 1.661100e-03 4.561500e+00 6.023800e+00 
4.297600e-06 7.686000e-03 4.851300e-04 4.504300e+00 3.931200e+00 
7.595000e-06 1.105500e-02 3.667900e-04 3.413600e+00 7.386200e+00 
1.613900e-03 2.723300e-02 2.527500e-03 4.457900e+00 7.712900e+00 
6.221200e-06 1.010500e-02 6.064900e-04 2.695700e+00 1.219500e+01 
1.184300e-05 1.401700e-02 5.613100e-04 4.123600e+00 6.677600e+00 
1.756500e-03 2.175400e-02 7.864900e-04 4.270700e+00 6.741700e+00 
7.821700e-06 1.151700e-02 7.464200e-04 1.168100e+01 6.580500e-01 
3.481100e-04 2.086900e-02 1.199200e-03 3.142900e+00 1.456800e+01 
3.861600e-03 3.423400e-02 1.863100e-03 4.439900e+00 5.734800e+00 
4.515400e-06 8.125100e-03 4.170000e-04 3.562500e+00 1.022500e+01 
9.897200e-06 1.282200e-02 6.001700e-04 6.317300e+00 3.067200e+00 
1.028300e-03 1.796600e-02 5.972000e-04 4.012400e+00 5.905000e+00 
1.283000e-05 1.606500e-02 2.073700e-03 1.892300e+00 2.687400e+01 
4.036000e-05 1.775100e-02 8.512400e-04 2.949400e+00 1.412200e+01 
3.020300e-03 2.951500e-02 2.012800e-03 1.017800e+01 2.314500e-01 
7.007600e-06 1.072500e-02 4.459600e-04 3.490000e+00 7.728900e+00 
3.761900e-04 1.581800e-02 5.928500e-04 4.480200e+00 3.665100e+00 
7.871600e-03 5.626600e-02 5.014400e-03 3.292100e+00 1.950400e+01 
6.927300e-06 1.066800e-02 9.828000e-04 3.622300e+00 6.011300e+00 
1.115100e-05 1.374000e-02 5.418900e-04 3.786400e+00 9.391600e+00 
1.489100e-03 2.076200e-02 8.677400e-04 4.531000e+00 5.129500e+00 
5.179700e-06 9.009700e-03 3.260400e-04 2.915400e+00 7.944900e+00 
1.966300e-04 2.303700e-02 2.136600e-03 4.502900e+00 8.185500e+00 
3.621400e-03 3.285000e-02 1.835600e-03 4.583700e+00 9.947600e+00 
8.465900e-06 1.193800e-02 5.751700e-04 4.155300e+00 6.870100e+00 
5.779700e-04 1.668200e-02 5.512600e-04 3.800500e+00 7.459300e+00 
3.924000e-03 3.701300e-02 1.434300e-03 7.287100e+00 1.618700e+00 
7.527000e-06 1.110300e-02 1.131000e-03 3.052400e+00 2.129500e+01 
1.093400e-05 1.386700e-02 7.036400e-04 4.070600e+00 1.033900e+01 
9.925500e-04 1.907000e-02 7.121700e-04 3.851000e+00 8.350200e+00 
6.452300e-06 1.025600e-02 7.575700e-04 1.142100e+01 1.448300e-01 
1.040800e-05 1.263400e-02 3.869200e-04 3.328000e+00 5.850400e+00 
3.278700e-03 3.201800e-02 2.544500e-03 3.924900e+00 9.691000e+00 
7.903300e-06 1.168100e-02 5.817800e-04 3.804600e+00 1.172000e+01 
3.160600e-04 1.725600e-02 8.379200e-04 7.300900e+00 2.342800e+00 
2.969300e-03 2.908300e-02 1.000900e-03 4.113900e+00 5.226300e+00 
4.127600e-06 7.668100e-03 3.779000e-04 3.990500e+00 5.408200e+00 
2.136300e-05 2.118900e-02 1.919600e-03 2.307800e+00 2.522200e+01 
2.039100e-03 2.693500e-02 2.228600e-03 6.573300e+00 2.616100e+00 
6.226200e-06 1.011600e-02 5.183000e-04 2.948500e+00 9.985600e+00 
4.579300e-05 1.427500e-02 5.254100e-04 3.764500e+00 5.132700e+00 
2.128300e-03 2.346800e-02 7.986100e-04 3.815600e+00 5.854800e+00 
1.523400e-05 1.753400e-02 1.936800e-03 2.849200e+00 1.626500e+01 
6.172900e-04 2.014900e-02 9.752400e-04 3.385600e+00 1.193400e+01 
4.074700e-03 3.682700e-02 1.565200e-03 3.971700e+00 5.834500e+00 
4.457600e-06 8.175100e-03 3.494300e-04 2.815300e+00 9.076000e+00 
1.286000e-05 1.486100e-02 8.230600e-04 1.230600e+01 4.756900e-01 
3.034400e-03 3.235200e-02 2.640500e-03 2.949300e+00 1.631200e+01 
7.942500e-06 1.172400e-02 7.669400e-04 3.246000e+00 8.777200e+00 
1.381400e-04 1.538300e-02 5.225300e-04 3.364000e+00 8.819100e+00 
3.002300e-03 2.885400e-02 1.418600e-03 7.595400e+00 1.563000e+00 
7.100200e-06 1.067100e-02 3.649900e-04 3.375800e+00 7.109300e+00 
1.167200e-03 2.468300e-02 1.714700e-03 3.284600e+00 1.405700e+01 
5.276100e-03 4.618200e-02 1.961900e-03 4.157600e+00 9.311200e+00 
5.355500e-06 8.908500e-03 7.154700e-04 7.878200e+00 1.692500e+00 
8.598900e-06 1.184500e-02 4.236200e-04 3.860600e+00 7.493700e+00 
1.018300e-03 1.848100e-02 7.319200e-04 5.542700e+00 4.447700e+00 
8.308300e-06 1.219700e-02 9.101400e-04 3.084500e+00 1.789600e+01 
2.040900e-05 1.551400e-02 7.357900e-04 3.920800e+00 5.493200e+00 
2.087400e-03 2.361500e-02 9.137300e-04 3.587800e+00 6.722400e+00 
6.236500e-06 9.979400e-03 3.871800e-04 3.122900e+00 6.292300e+00 
2.859300e-04 1.466400e-02 4.142500e-04 3.470300e+00 6.964000e+00 
1.042500e-02 6.649200e-02 1.206300e-02 4.902800e+00 5.328500e+00 
7.196100e-06 1.096600e-02 9.403900e-04 2.895500e+00 1.633000e+01 
1.163500e-05 1.411400e-02 6.990700e-04 3.793400e+00 5.952000e+00 
1.395700e-03 2.053900e-02 7.935100e-04 4.187000e+00 7.414600e+00 
6.541200e-06 1.035300e-02 6.382200e-04 8.288000e+00 2.045500e+00 
1.517900e-04 2.429600e-02 2.007800e-03 2.866300e+00 2.336700e+01 
3.714900e-03 3.345500e-02 2.194900e-03 3.623900e+00 9.448100e+00 
8.144800e-06 1.176300e-02 4.993000e-04 3.078200e+00 1.040000e+01 
6.548300e-04 1.922500e-02 1.066000e-03 1.101300e+01 7.812100e-01 
3.532200e-03 3.408700e-02 1.119900e-03 4.840600e+00 4.773400e+00 
1.010000e-05 1.369000e-02 1.650300e-03 2.482500e+00 2.041100e+01 
1.399400e-05 1.577300e-02 7.171300e-04 3.016500e+00 1.241800e+01 
2.005800e-03 2.400400e-02 1.311900e-03 5.637100e+00 3.055800e+00 
5.867800e-06 9.700900e-03 3.809700e-04 2.948600e+00 8.056900e+00 
1.571700e-04 1.424800e-02 4.515200e-04 3.510500e+00 5.317500e+00 
5.641200e-03 4.402200e-02 3.417300e-03 3.985200e+00 1.684300e+01 
1.219900e-05 1.491200e-02 1.141800e-03 8.964500e+00 9.374100e-01 
8.187600e-04 1.851000e-02 7.415800e-04 3.933700e+00 7.364200e+00 
4.303800e-03 4.109700e-02 1.513300e-03 6.085100e+00 2.790400e+00 
3.511700e-06 6.791100e-03 3.022500e-04 2.945700e+00 7.714000e+00 
1.387800e-05 1.622800e-02 1.364100e-03 3.152300e+00 8.976100e+00 
9.380900e-04 2.009300e-02 8.931300e-04 3.180800e+00 9.543300e+00 
5.285200e-06 9.071800e-03 4.972800e-04 4.051500e+00 7.825800e+00 
9.935600e-06 1.264100e-02 3.834800e-04 3.237300e+00 7.784600e+00 
1.928400e-03 2.329900e-02 1.235500e-03 1.067000e+01 6.869700e-01 
1.522800e-05 1.788200e-02 2.171700e-03 1.836000e+00 2.875000e+01 
2.680500e-04 1.970500e-02 1.128100e-03 3.154400e+00 1.126200e+01 
3.437000e-03 3.178600e-02 1.401200e-03 3.544700e+00 8.448000e+00 
4.784100e-06 8.318900e-03 5.574500e-04 5.246200e+00 4.261100e+00 
8.131000e-06 1.143300e-02 3.725800e-04 3.104800e+00 7.254300e+00 
2.385300e-03 3.214200e-02 3.118300e-03 2.752400e+00 2.045600e+01 
7.354100e-06 1.128800e-02 7.221200e-04 2.658800e+00 1.546300e+01 
2.501500e-05 1.686900e-02 1.015700e-03 1.095700e+01 3.569800e-01 
2.157400e-03 2.403700e-02 1.001000e-03 5.041800e+00 6.030700e+00 
6.644200e-06 1.035000e-02 4.630200e-04 4.264300e+00 3.986700e+00 
6.529200e-04 2.471300e-02 1.772300e-03 2.997800e+00 1.971400e+01 
4.985800e-03 4.099900e-02 2.817100e-03 5.941000e+00 3.575100e+00 
4.893500e-06 8.606800e-03 4.559700e-04 2.813200e+00 9.919600e+00 
9.636800e-06 1.251800e-02 4.692000e-04 3.679200e+00 5.890500e+00 
1.272900e-03 1.927400e-02 6.551600e-04 4.387800e+00 6.639800e+00 
1.122300e-05 1.461900e-02 1.759000e-03 4.508000e+00 7.244400e+00 
8.895400e-05 1.656400e-02 6.956500e-04 3.008200e+00 1.035200e+01 
2.786500e-03 2.766000e-02 1.333500e-03 5.202000e+00 4.849400e+00 
6.941200e-06 1.061100e-02 3.748100e-04 3.107000e+00 8.095200e+00 
5.521700e-04 1.705200e-02 7.189900e-04 6.477200e+00 2.772000e+00 
6.600400e-03 5.161200e-02 3.259300e-03 3.228900e+00 1.346900e+01 
5.188800e-06 8.695600e-03 6.268500e-04 3.423700e+00 1.105100e+01 
8.639900e-06 1.201200e-02 4.490100e-04 3.744500e+00 9.437600e+00 
1.057900e-03 2.048800e-02 1.155200e-03 1.208500e+01 4.015200e-01 
4.428800e-06 8.141700e-03 3.360700e-04 3.193700e+00 6.590900e+00 
2.708400e-05 2.398100e-02 2.508900e-03 2.925700e+00 2.300100e+01 
2.857700e-03 2.982900e-02 1.844200e-03 3.594200e+00 1.295900e+01 
7.785300e-06 1.149900e-02 7.062700e-04 4.176500e+00 4.105000e+00 
2.251800e-04 1.543600e-02 5.150800e-04 3.757300e+00 7.799200e+00 
2.836500e-03 2.802000e-02 1.029900e-03 4.335700e+00 3.913100e+00 
9.561800e-06 1.309800e-02 1.626600e-03 2.568200e+00 2.790400e+01 
1.356500e-05 1.569100e-02 1.089100e-03 4.351600e+00 4.133100e+00 
1.319500e-03 2.101200e-02 9.180300e-04 4.188000e+00 8.238500e+00 
5.646000e-06 9.478300e-03 4.828300e-04 4.392200e+00 6.583300e+00 
2.763000e-05 1.326000e-02 3.831500e-04 3.486600e+00 7.480100e+00 
4.545900e-03 3.865600e-02 3.863100e-03 3.095900e+00 1.272500e+01 
9.109600e-06 1.271000e-02 6.782100e-04 3.111600e+00 1.282700e+01 
4.206500e-04 1.683700e-02 6.425300e-04 3.296100e+00 7.237500e+00 
3.428200e-03 3.265500e-02 1.100200e-03 4.609700e+00 6.481500e+00 
5.769400e-06 9.487500e-03 7.171500e-04 1.193400e+01 8.171900e-02 
1.768900e-05 1.849000e-02 1.260800e-03 3.476600e+00 1.672300e+01 
1.944000e-03 2.456700e-02 1.458700e-03 4.126100e+00 5.755700e+00 
6.174500e-06 1.005800e-02 4.513000e-04 3.567600e+00 9.819700e+00 
1.137400e-04 1.567300e-02 7.027200e-04 7.207900e+00 1.688400e+00 
2.361600e-03 2.482300e-02 8.520900e-04 4.211700e+00 5.006300e+00 
1.256100e-05 1.539800e-02 1.128500e-03 3.826200e+00 1.436000e+01 
7.294000e-04 1.922500e-02 8.029000e-04 3.517500e+00 1.016900e+01 
4.898100e-03 4.287000e-02 2.228000e-03 1.161600e+01 3.249200e-01 
3.902500e-06 7.324300e-03 3.572400e-04 3.198000e+00 7.371100e+00 
8.106100e-06 1.140000e-02 4.372400e-04 4.051700e+00 4.247900e+00 
2.334000e-03 3.313200e-02 3.338200e-03 3.157800e+00 2.440700e+01 
7.992800e-06 1.178500e-02 1.060200e-03 3.378400e+00 8.546000e+00 
1.372500e-05 1.484100e-02 5.695200e-04 3.651900e+00 9.804400e+00 
2.053300e-03 2.356300e-02 1.017300e-03 4.862300e+00 5.540700e+00 
6.154400e-06 9.963100e-03 3.652600e-04 3.712300e+00 8.537300e+00 
6.384500e-04 2.682800e-02 3.098100e-03 4.644500e+00 5.360800e+00 
4.717100e-03 3.940400e-02 2.305500e-03 4.599100e+00 1.024700e+01 
5.274700e-06 8.936800e-03 6.070500e-04 4.355500e+00 6.739900e+00 
9.380100e-06 1.241700e-02 4.305900e-04 3.771100e+00 8.372500e+00 
1.365000e-03 2.063500e-02 1.008600e-03 8.073700e+00 1.698500e+00 
1.059700e-05 1.423400e-02 1.320700e-03 2.875000e+00 2.170200e+01 
6.350200e-05 1.697900e-02 8.071200e-04 3.796600e+00 9.937100e+00 
2.549400e-03 2.638800e-02 1.076200e-03 3.776000e+00 7.775500e+00 
